{
 "cells": [
  {
   "cell_type": "markdown",
   "metadata": {},
   "source": [
    "# Functions for reading a graph from a file and writing to the file from the graph."
   ]
  },
  {
   "cell_type": "code",
   "execution_count": 21,
   "metadata": {},
   "outputs": [],
   "source": [
    "import numpy as np\n",
    "import pandas as pd\n",
    "import networkx as nx\n",
    "import pickle\n",
    "\n",
    "import matplotlib.pyplot as plt"
   ]
  },
  {
   "cell_type": "code",
   "execution_count": 22,
   "metadata": {},
   "outputs": [],
   "source": [
    "def graph_from_input(filename):\n",
    "    '''graph_from_input(str) --> nx.graph G, int source, np.ndarray[int] homes, dict locToIndex \n",
    "    Returns a graph created by reading the input file, with integer vertex labels\n",
    "    Returns list of the home indices\n",
    "    Returns a map from integer to the name associated with that node'''\n",
    "    with open(filename, 'r') as f:\n",
    "        G = nx.Graph()\n",
    "        \n",
    "        locToIndex = {} # maps location name to its index number\n",
    "        homes = []\n",
    "        lines = f.readlines()\n",
    "        \n",
    "        numLocations = int(lines[0])\n",
    "        numTAs = int(lines[1])\n",
    "        locations = lines[2].split()\n",
    "    \n",
    "        i = 0\n",
    "        assert len(locations) == numLocations, \"Number of locations must match specified value\"\n",
    "        for loc in locations:\n",
    "            G.add_node(i)\n",
    "            locToIndex[loc] = i\n",
    "            i += 1\n",
    "            \n",
    "        TAhomes = lines[3].split()\n",
    "        assert len(TAhomes) == numTAs, \"Number of TA homes must match specified value\"\n",
    "        for home in TAhomes:\n",
    "            homes.append(locToIndex[home])\n",
    "        \n",
    "        source = locToIndex[lines[4].strip()]\n",
    "        \n",
    "        row = 0\n",
    "        for line in lines[5:]:\n",
    "            line = line.split()\n",
    "            for col in range(len(line)):\n",
    "            \n",
    "                if line[col] != 'x':  \n",
    "                    G.add_edge(row, col)\n",
    "                    weight = float(line[col])\n",
    "                    G[row][col]['weight'] = weight\n",
    "            row += 1\n",
    "        \n",
    "        indexToLoc = {v: k for k, v in locToIndex.items()}\n",
    "        return G, source, homes, indexToLoc"
   ]
  },
  {
   "cell_type": "code",
   "execution_count": 23,
   "metadata": {},
   "outputs": [],
   "source": [
    "def write_input_file(G, homes, filename):\n",
    "    '''write_graph(nx.graph, np.ndarray, str) --> None\n",
    "    Write a graph G to the file pointed to by filename.\n",
    "    The file will be written in the input format as specified\n",
    "    in the project spec.\n",
    "    \n",
    "    Note - This assumes homes[0] is the starting vertex OLD CONVENTION\n",
    "    '''\n",
    "    assert isinstance(G, nx.Graph) , \"G must be a graph\"\n",
    "    assert isinstance(homes, np.ndarray) , \"homes must be an np array of integers\"\n",
    "    assert isinstance(filename, str) , \"filename must be a string\"\n",
    "    \n",
    "    locations = G.nodes\n",
    "    #print(locations)\n",
    "    num_homes = len(homes) - 1\n",
    "    with open(filename, 'w') as f:\n",
    "        f.write(str(len(locations)) + \"\\n\")\n",
    "        f.write(str(num_homes) + \"\\n\")\n",
    "        \n",
    "        for g in G.nodes:\n",
    "            f.write(\"Building{} \".format(g))\n",
    "        f.write('\\n')\n",
    "    \n",
    "        for h in homes:\n",
    "            f.write(\"Building{} \".format(h))\n",
    "        f.write('\\n')\n",
    "        \n",
    "        f.write(\"Building{} \\n\".format(homes[0])) # Starting location, usually Soda\n",
    "        \n",
    "        adjMat = nx.to_numpy_array(G)\n",
    "        for row in adjMat:\n",
    "            for elt in row:\n",
    "                if elt == 0:\n",
    "                    f.write('x ')\n",
    "                else:    \n",
    "                     f.write(str(round(elt, 5)) + ' ')\n",
    "            f.write('\\n')"
   ]
  },
  {
   "cell_type": "code",
   "execution_count": 24,
   "metadata": {},
   "outputs": [],
   "source": [
    "def write_output_file(path, dropOffs, indexToName, filename):\n",
    "    '''path is a list of integers that we follow in the car \n",
    "    dropOffs is a dictionary (int -> [home, home, ...] ) mapping nodes to the homes of the TAs that get off at that node \n",
    "    indexToName is a list of names corresponding to each index\n",
    "    filename is a string filename that we write to  \n",
    "    '''\n",
    "    with open(filename, 'w') as f:\n",
    "        for step in path:\n",
    "            f.write(indexToName[step] + \" \")\n",
    "        \n",
    "        f.write(\"\\n\")\n",
    "        count = 0\n",
    "        for key in dropOffs:\n",
    "            if dropOffs[key] != []:\n",
    "                count += 1\n",
    "        f.write(str(count) + \"\\n\")\n",
    "        \n",
    "        for key in dropOffs:\n",
    "            if dropOffs[key] != []:\n",
    "                f.write(indexToName[key] + \" \")\n",
    "                for elt in dropOffs[key]:\n",
    "                    f.write(indexToName[elt] + \" \");\n",
    "                f.write(\"\\n\")"
   ]
  },
  {
   "cell_type": "code",
   "execution_count": 25,
   "metadata": {},
   "outputs": [
    {
     "name": "stdout",
     "output_type": "stream",
     "text": [
      "[[0.0, 0.0, 0.0, 0.0, 0.0, 0.0, 1531.32, 0.0, 0.0, 0.0, 1565.13, 0.0, 0.0, 0.0, 0.0, 1331.54, 1191.07, 1291.06, 1460.14, 0.0, 0.0, 0.0, 1112.35, 0.0, 1122.74, 0.0, 1390.95, 921.103, 1425.14, 0.0, 858.663, 0.0, 1004.84, 0.0, 0.0, 0.0, 0.0, 1013.32, 0.0, 1524.7, 0.0, 0.0, 0.0, 1639.54, 0.0, 1511.15, 1280.08, 0.0, 0.0, 1362.36], [0.0, 0.0, 926.505, 686.964, 901.291, 937.588, 0.0, 1212.94, 0.0, 1218.92, 0.0, 0.0, 1069.33, 0.0, 0.0, 0.0, 557.692, 0.0, 0.0, 0.0, 1055.4, 889.488, 0.0, 0.0, 0.0, 812.672, 1138.55, 0.0, 0.0, 0.0, 1061.42, 683.918, 0.0, 887.522, 0.0, 0.0, 0.0, 1020.69, 0.0, 1059.56, 724.018, 871.447, 0.0, 826.058, 590.927, 0.0, 634.981, 0.0, 0.0, 1225.25], [0.0, 926.505, 0.0, 1058.08, 0.0, 0.0, 991.677, 0.0, 0.0, 958.245, 405.139, 0.0, 0.0, 0.0, 0.0, 0.0, 1050.19, 772.727, 0.0, 0.0, 846.962, 0.0, 0.0, 0.0, 0.0, 0.0, 526.623, 824.097, 0.0, 0.0, 0.0, 0.0, 889.361, 311.385, 0.0, 657.765, 0.0, 1114.19, 0.0, 720.521, 0.0, 658.965, 0.0, 0.0, 1311.01, 1083.62, 644.947, 0.0, 1042.03, 879.131], [0.0, 686.964, 1058.08, 0.0, 635.726, 0.0, 0.0, 1067.66, 845.953, 0.0, 956.379, 0.0, 1268.66, 981.755, 0.0, 0.0, 0.0, 0.0, 865.045, 0.0, 931.187, 925.888, 0.0, 982.631, 905.521, 1142.38, 0.0, 928.03, 0.0, 0.0, 1240.57, 0.0, 0.0, 933.567, 0.0, 675.045, 1011.67, 914.849, 1368.42, 1154.63, 998.866, 1189.47, 852.192, 771.188, 0.0, 0.0, 421.711, 995.729, 0.0, 0.0], [0.0, 901.291, 0.0, 635.726, 0.0, 1047.53, 998.508, 1279.45, 1037.04, 1086.27, 0.0, 0.0, 1399.76, 0.0, 0.0, 1695.82, 855.472, 0.0, 0.0, 1045.85, 1052.93, 633.65, 0.0, 978.653, 0.0, 0.0, 0.0, 0.0, 0.0, 0.0, 1296.1, 768.13, 1124.24, 0.0, 0.0, 0.0, 0.0, 912.424, 0.0, 835.463, 0.0, 1427.03, 0.0, 0.0, 1253.37, 0.0, 648.614, 0.0, 1325.11, 0.0], [0.0, 937.588, 0.0, 0.0, 1047.53, 0.0, 0.0, 897.609, 0.0, 0.0, 0.0, 1116.16, 0.0, 908.135, 0.0, 0.0, 0.0, 0.0, 0.0, 0.0, 0.0, 0.0, 622.111, 0.0, 0.0, 0.0, 0.0, 765.791, 626.146, 614.122, 920.322, 0.0, 0.0, 423.482, 1107.26, 0.0, 0.0, 893.431, 799.765, 0.0, 582.059, 891.667, 1126.22, 1437.16, 1180.54, 1236.84, 0.0, 0.0, 0.0, 562.518], [1531.32, 0.0, 991.677, 0.0, 998.508, 0.0, 0.0, 0.0, 628.481, 0.0, 0.0, 1183.98, 0.0, 0.0, 0.0, 1270.37, 0.0, 0.0, 1108.85, 935.667, 1105.47, 789.025, 904.173, 0.0, 984.834, 1457.26, 915.54, 1351.82, 1381.67, 882.861, 962.213, 0.0, 0.0, 0.0, 0.0, 890.137, 968.018, 1406.35, 0.0, 897.55, 1239.65, 0.0, 0.0, 0.0, 0.0, 1094.86, 0.0, 1063.05, 0.0, 0.0], [0.0, 1212.94, 0.0, 1067.66, 1279.45, 897.609, 0.0, 0.0, 0.0, 510.084, 733.31, 0.0, 878.869, 1247.26, 871.468, 0.0, 0.0, 647.629, 0.0, 0.0, 0.0, 1154.65, 0.0, 1011.7, 0.0, 0.0, 923.467, 750.186, 976.826, 805.259, 0.0, 982.338, 0.0, 810.372, 0.0, 919.986, 0.0, 0.0, 0.0, 0.0, 1224.86, 1157.26, 1123.58, 0.0, 1317.34, 0.0, 0.0, 794.082, 0.0, 0.0], [0.0, 0.0, 0.0, 845.953, 1037.04, 0.0, 628.481, 0.0, 0.0, 0.0, 770.871, 0.0, 0.0, 0.0, 1097.89, 0.0, 0.0, 0.0, 0.0, 571.419, 967.168, 848.198, 750.514, 0.0, 856.019, 1078.37, 749.884, 827.434, 0.0, 716.972, 741.073, 0.0, 837.86, 0.0, 500.394, 0.0, 827.086, 1166.97, 0.0, 997.795, 972.219, 732.567, 0.0, 0.0, 995.641, 0.0, 0.0, 0.0, 888.286, 0.0], [0.0, 1218.92, 958.245, 0.0, 1086.27, 0.0, 0.0, 510.084, 0.0, 0.0, 0.0, 0.0, 957.568, 1198.9, 814.065, 0.0, 1313.99, 0.0, 0.0, 1234.59, 0.0, 1070.14, 432.254, 715.804, 987.71, 1166.27, 0.0, 784.675, 0.0, 1050.03, 1097.4, 764.466, 0.0, 863.798, 0.0, 0.0, 0.0, 734.251, 1475.82, 0.0, 0.0, 0.0, 1081.11, 0.0, 0.0, 0.0, 0.0, 0.0, 0.0, 978.62], [1565.13, 0.0, 405.139, 956.379, 0.0, 0.0, 0.0, 733.31, 770.871, 0.0, 0.0, 0.0, 0.0, 1214.51, 886.127, 1231.46, 1176.88, 0.0, 0.0, 0.0, 1063.22, 792.559, 868.036, 1067.45, 0.0, 0.0, 0.0, 0.0, 0.0, 876.449, 0.0, 943.326, 991.703, 0.0, 973.712, 0.0, 707.269, 1116.14, 0.0, 976.652, 0.0, 0.0, 0.0, 1195.66, 1333.38, 804.422, 609.132, 0.0, 1263.32, 0.0], [0.0, 0.0, 0.0, 0.0, 0.0, 1116.16, 1183.98, 0.0, 0.0, 0.0, 0.0, 0.0, 0.0, 0.0, 1306.04, 1121.86, 813.905, 0.0, 0.0, 0.0, 0.0, 0.0, 1034.79, 815.218, 521.268, 0.0, 871.519, 0.0, 1182.85, 1480.54, 0.0, 894.115, 1034.87, 1076.36, 0.0, 863.879, 988.989, 1087.49, 1273.18, 0.0, 711.858, 988.74, 0.0, 1020.72, 0.0, 0.0, 766.805, 0.0, 0.0, 0.0], [0.0, 1069.33, 0.0, 1268.66, 1399.76, 0.0, 0.0, 878.869, 0.0, 957.568, 0.0, 0.0, 0.0, 738.599, 0.0, 1091.05, 0.0, 967.488, 1195.52, 0.0, 1381.8, 1300.28, 828.241, 817.959, 1125.39, 1176.44, 0.0, 681.518, 1109.17, 815.508, 716.036, 822.3, 892.997, 1141.86, 977.963, 1336.23, 1394.58, 968.687, 928.942, 0.0, 1067.17, 1150.9, 988.103, 1642.91, 0.0, 0.0, 1112.08, 0.0, 0.0, 0.0], [0.0, 0.0, 0.0, 981.755, 0.0, 908.135, 0.0, 1247.26, 0.0, 1198.9, 1214.51, 0.0, 738.599, 0.0, 1024.37, 0.0, 0.0, 0.0, 0.0, 0.0, 1077.88, 0.0, 0.0, 749.017, 876.764, 0.0, 0.0, 0.0, 1198.79, 1028.39, 700.376, 0.0, 411.14, 1065.98, 0.0, 1151.63, 0.0, 0.0, 0.0, 0.0, 0.0, 0.0, 0.0, 1198.54, 0.0, 0.0, 884.661, 784.798, 533.71, 1080.25], [0.0, 0.0, 0.0, 0.0, 0.0, 0.0, 0.0, 871.468, 1097.89, 814.065, 886.127, 1306.04, 0.0, 1024.37, 0.0, 1163.17, 0.0, 0.0, 0.0, 1234.39, 1189.69, 1292.96, 0.0, 859.746, 1277.88, 0.0, 1020.66, 0.0, 713.187, 1191.89, 0.0, 754.008, 0.0, 0.0, 1145.0, 1123.48, 0.0, 0.0, 0.0, 0.0, 903.115, 0.0, 0.0, 0.0, 1179.45, 1173.74, 933.534, 0.0, 0.0, 0.0], [1331.54, 0.0, 0.0, 0.0, 1695.82, 0.0, 1270.37, 0.0, 0.0, 0.0, 1231.46, 1121.86, 1091.05, 0.0, 1163.17, 0.0, 1252.32, 622.267, 977.897, 0.0, 0.0, 0.0, 989.878, 0.0, 0.0, 1268.12, 0.0, 0.0, 0.0, 0.0, 0.0, 0.0, 1160.65, 0.0, 0.0, 1078.69, 0.0, 1464.6, 0.0, 0.0, 1072.73, 0.0, 997.382, 1611.13, 1425.55, 0.0, 1181.93, 1026.66, 0.0, 1342.68], [1191.07, 557.692, 1050.19, 0.0, 855.472, 0.0, 0.0, 0.0, 0.0, 1313.99, 1176.88, 813.905, 0.0, 0.0, 0.0, 1252.32, 0.0, 1253.09, 0.0, 503.118, 0.0, 830.008, 0.0, 1031.71, 815.346, 0.0, 1101.88, 0.0, 1453.18, 1073.62, 0.0, 0.0, 677.112, 0.0, 889.951, 893.83, 793.003, 1234.51, 0.0, 968.319, 893.371, 915.956, 535.764, 1189.97, 790.706, 0.0, 751.976, 0.0, 942.386, 0.0], [1291.06, 0.0, 772.727, 0.0, 0.0, 0.0, 0.0, 647.629, 0.0, 0.0, 0.0, 0.0, 967.488, 0.0, 0.0, 622.267, 1253.09, 0.0, 0.0, 1161.12, 0.0, 0.0, 538.086, 833.266, 907.769, 1147.32, 0.0, 867.45, 0.0, 1037.61, 838.321, 1035.07, 0.0, 860.242, 889.671, 826.107, 1179.18, 0.0, 0.0, 1133.87, 0.0, 857.252, 0.0, 0.0, 0.0, 0.0, 881.695, 750.346, 964.768, 0.0], [1460.14, 0.0, 0.0, 865.045, 0.0, 0.0, 1108.85, 0.0, 0.0, 0.0, 0.0, 0.0, 1195.52, 0.0, 0.0, 977.897, 0.0, 0.0, 0.0, 1084.4, 655.975, 773.016, 718.026, 809.064, 0.0, 656.968, 0.0, 724.878, 618.121, 0.0, 1113.25, 799.647, 944.524, 0.0, 980.584, 0.0, 750.485, 0.0, 1220.79, 877.758, 663.814, 0.0, 0.0, 1013.14, 1334.38, 965.089, 503.344, 982.039, 1112.65, 0.0], [0.0, 0.0, 0.0, 0.0, 1045.85, 0.0, 935.667, 0.0, 571.419, 1234.59, 0.0, 0.0, 0.0, 0.0, 1234.39, 0.0, 503.118, 1161.12, 1084.4, 0.0, 0.0, 0.0, 0.0, 0.0, 0.0, 0.0, 1102.15, 898.097, 0.0, 704.574, 0.0, 0.0, 0.0, 874.375, 0.0, 969.558, 815.18, 1230.95, 0.0, 1053.35, 954.611, 0.0, 718.163, 1351.02, 578.655, 0.0, 819.223, 979.398, 0.0, 1258.75], [0.0, 1055.4, 846.962, 931.187, 1052.93, 0.0, 1105.47, 0.0, 967.168, 0.0, 1063.22, 0.0, 1381.8, 1077.88, 1189.69, 0.0, 0.0, 0.0, 655.975, 0.0, 0.0, 0.0, 857.317, 0.0, 0.0, 1123.76, 0.0, 1117.67, 0.0, 0.0, 0.0, 0.0, 1127.15, 935.7, 0.0, 727.526, 0.0, 0.0, 1347.22, 867.149, 715.537, 0.0, 0.0, 1106.71, 0.0, 0.0, 713.924, 1013.35, 0.0, 0.0], [0.0, 889.488, 0.0, 925.888, 633.65, 0.0, 789.025, 1154.65, 848.198, 1070.14, 792.559, 0.0, 1300.28, 0.0, 1292.96, 0.0, 830.008, 0.0, 773.016, 0.0, 0.0, 0.0, 0.0, 0.0, 1014.82, 0.0, 805.117, 0.0, 0.0, 0.0, 0.0, 817.979, 0.0, 0.0, 1067.4, 0.0, 507.983, 1025.11, 0.0, 319.469, 698.743, 1047.67, 1034.91, 1321.32, 1294.46, 0.0, 608.032, 1082.32, 0.0, 721.107], [1112.35, 0.0, 0.0, 0.0, 0.0, 622.111, 904.173, 0.0, 750.514, 432.254, 868.036, 1034.79, 828.241, 0.0, 0.0, 989.878, 0.0, 538.086, 718.026, 0.0, 857.317, 0.0, 0.0, 0.0, 812.899, 0.0, 534.834, 0.0, 651.403, 0.0, 789.696, 686.534, 1110.09, 715.904, 846.428, 931.536, 0.0, 734.848, 0.0, 828.129, 0.0, 0.0, 942.137, 1492.23, 1319.23, 1114.8, 0.0, 0.0, 0.0, 0.0], [0.0, 0.0, 0.0, 982.631, 978.653, 0.0, 0.0, 1011.7, 0.0, 715.804, 1067.45, 815.218, 817.959, 749.017, 859.746, 0.0, 1031.71, 833.266, 809.064, 0.0, 0.0, 0.0, 0.0, 0.0, 0.0, 0.0, 693.063, 773.067, 721.094, 0.0, 0.0, 0.0, 945.995, 0.0, 0.0, 1061.87, 0.0, 0.0, 0.0, 0.0, 583.62, 0.0, 0.0, 0.0, 0.0, 1317.58, 769.577, 454.26, 658.92, 0.0], [1122.74, 0.0, 0.0, 905.521, 0.0, 0.0, 984.834, 0.0, 856.019, 987.71, 0.0, 521.268, 1125.39, 876.764, 1277.88, 0.0, 815.346, 907.769, 0.0, 0.0, 0.0, 1014.82, 812.899, 0.0, 0.0, 0.0, 0.0, 0.0, 0.0, 0.0, 0.0, 0.0, 1095.48, 1124.79, 893.776, 0.0, 0.0, 0.0, 1267.88, 1014.95, 0.0, 1053.6, 0.0, 1309.37, 0.0, 1299.74, 819.254, 0.0, 887.346, 0.0], [0.0, 812.672, 0.0, 1142.38, 0.0, 0.0, 1457.26, 0.0, 1078.37, 1166.27, 0.0, 0.0, 1176.44, 0.0, 0.0, 1268.12, 0.0, 1147.32, 656.968, 0.0, 1123.76, 0.0, 0.0, 0.0, 0.0, 0.0, 0.0, 0.0, 0.0, 1039.14, 0.0, 828.232, 0.0, 687.762, 0.0, 1017.02, 777.0, 0.0, 951.286, 981.255, 0.0, 870.483, 1380.03, 0.0, 0.0, 0.0, 842.565, 1202.7, 0.0, 989.817], [1390.95, 1138.55, 526.623, 0.0, 0.0, 0.0, 915.54, 923.467, 749.884, 0.0, 0.0, 871.519, 0.0, 0.0, 1020.66, 0.0, 1101.88, 0.0, 0.0, 1102.15, 0.0, 805.117, 534.834, 693.063, 0.0, 0.0, 0.0, 937.802, 0.0, 0.0, 792.058, 933.237, 1077.5, 665.201, 1058.31, 0.0, 0.0, 0.0, 1140.07, 0.0, 719.973, 0.0, 967.04, 1438.1, 0.0, 0.0, 781.041, 0.0, 877.545, 788.574], [921.103, 0.0, 824.097, 928.03, 0.0, 765.791, 1351.82, 750.186, 827.434, 784.675, 0.0, 0.0, 681.518, 0.0, 0.0, 0.0, 0.0, 867.45, 724.878, 898.097, 1117.67, 0.0, 0.0, 773.067, 0.0, 0.0, 937.802, 0.0, 809.266, 937.689, 0.0, 0.0, 0.0, 0.0, 0.0, 964.616, 1096.2, 0.0, 1017.89, 1196.21, 785.399, 0.0, 0.0, 0.0, 0.0, 997.686, 0.0, 740.514, 0.0, 1084.93], [1425.14, 0.0, 0.0, 0.0, 0.0, 626.146, 1381.67, 976.826, 0.0, 0.0, 0.0, 1182.85, 1109.17, 1198.79, 713.187, 0.0, 1453.18, 0.0, 618.121, 0.0, 0.0, 0.0, 651.403, 721.094, 0.0, 0.0, 0.0, 809.266, 0.0, 0.0, 0.0, 0.0, 0.0, 803.763, 1328.22, 1104.96, 0.0, 905.895, 0.0, 0.0, 0.0, 1038.46, 0.0, 1457.87, 1531.36, 1415.74, 0.0, 953.702, 0.0, 0.0], [0.0, 0.0, 0.0, 0.0, 0.0, 614.122, 882.861, 805.259, 716.972, 1050.03, 876.449, 1480.54, 815.508, 1028.39, 1191.89, 0.0, 1073.62, 1037.61, 0.0, 704.574, 0.0, 0.0, 0.0, 0.0, 0.0, 1039.14, 0.0, 937.689, 0.0, 0.0, 971.28, 0.0, 956.611, 0.0, 0.0, 0.0, 0.0, 1190.32, 0.0, 960.439, 0.0, 1101.92, 0.0, 0.0, 1081.42, 0.0, 0.0, 0.0, 905.771, 0.0], [858.663, 1061.42, 0.0, 1240.57, 1296.1, 920.322, 962.213, 0.0, 741.073, 1097.4, 0.0, 0.0, 716.036, 700.376, 0.0, 0.0, 0.0, 838.321, 1113.25, 0.0, 0.0, 0.0, 789.696, 0.0, 0.0, 0.0, 792.058, 0.0, 0.0, 971.28, 0.0, 937.161, 926.712, 0.0, 0.0, 0.0, 1185.59, 1157.52, 860.378, 0.0, 912.801, 894.426, 0.0, 1628.68, 1033.92, 0.0, 0.0, 628.621, 0.0, 0.0], [0.0, 683.918, 0.0, 0.0, 768.13, 0.0, 0.0, 982.338, 0.0, 764.466, 943.326, 894.115, 822.3, 0.0, 754.008, 0.0, 0.0, 1035.07, 799.647, 0.0, 0.0, 817.979, 686.534, 0.0, 0.0, 828.232, 933.237, 0.0, 0.0, 0.0, 937.161, 0.0, 723.683, 0.0, 895.989, 0.0, 1026.73, 0.0, 0.0, 876.534, 0.0, 1115.97, 0.0, 0.0, 894.219, 1110.55, 595.35, 606.115, 0.0, 754.529], [1004.84, 0.0, 889.361, 0.0, 1124.24, 0.0, 0.0, 0.0, 837.86, 0.0, 991.703, 1034.87, 892.997, 411.14, 0.0, 1160.65, 677.112, 0.0, 944.524, 0.0, 1127.15, 0.0, 1110.09, 945.995, 1095.48, 0.0, 1077.5, 0.0, 0.0, 956.611, 926.712, 723.683, 0.0, 910.011, 0.0, 1015.06, 819.487, 1057.57, 558.92, 1065.55, 0.0, 0.0, 0.0, 0.0, 0.0, 0.0, 805.845, 0.0, 0.0, 0.0], [0.0, 887.522, 311.385, 933.567, 0.0, 423.482, 0.0, 810.372, 0.0, 863.798, 0.0, 1076.36, 1141.86, 1065.98, 0.0, 0.0, 0.0, 860.242, 0.0, 874.375, 935.7, 0.0, 715.904, 0.0, 1124.79, 687.762, 665.201, 0.0, 803.763, 0.0, 0.0, 0.0, 910.011, 0.0, 943.893, 0.0, 0.0, 1016.0, 1020.85, 0.0, 0.0, 0.0, 1088.77, 1284.14, 0.0, 941.4, 0.0, 0.0, 0.0, 819.028], [0.0, 0.0, 0.0, 0.0, 0.0, 1107.26, 0.0, 0.0, 500.394, 0.0, 973.712, 0.0, 977.963, 0.0, 1145.0, 0.0, 889.951, 889.671, 980.584, 0.0, 0.0, 1067.4, 846.428, 0.0, 893.776, 0.0, 1058.31, 0.0, 1328.22, 0.0, 0.0, 895.989, 0.0, 943.893, 0.0, 741.665, 1162.82, 1086.04, 0.0, 0.0, 0.0, 1143.62, 651.039, 0.0, 0.0, 0.0, 648.688, 0.0, 1139.45, 1341.55], [0.0, 0.0, 657.765, 675.045, 0.0, 0.0, 890.137, 919.986, 0.0, 0.0, 0.0, 863.879, 1336.23, 1151.63, 1123.48, 1078.69, 893.83, 826.107, 0.0, 969.558, 727.526, 0.0, 931.536, 1061.87, 0.0, 1017.02, 0.0, 964.616, 1104.96, 0.0, 0.0, 0.0, 1015.06, 0.0, 741.665, 0.0, 0.0, 1219.55, 0.0, 1030.79, 0.0, 782.45, 876.642, 996.151, 1309.09, 0.0, 0.0, 1102.74, 1272.69, 1258.03], [0.0, 0.0, 0.0, 1011.67, 0.0, 0.0, 968.018, 0.0, 827.086, 0.0, 707.269, 988.989, 1394.58, 0.0, 0.0, 0.0, 793.003, 1179.18, 750.485, 815.18, 0.0, 507.983, 0.0, 0.0, 0.0, 777.0, 0.0, 1096.2, 0.0, 0.0, 1185.59, 1026.73, 819.487, 0.0, 1162.82, 0.0, 0.0, 0.0, 921.126, 696.636, 758.502, 764.39, 0.0, 0.0, 0.0, 0.0, 693.434, 1306.9, 1185.44, 1085.19], [1013.32, 1020.69, 1114.19, 914.849, 912.424, 893.431, 1406.35, 0.0, 1166.97, 734.251, 1116.14, 1087.49, 968.687, 0.0, 0.0, 1464.6, 1234.51, 0.0, 0.0, 1230.95, 0.0, 1025.11, 734.848, 0.0, 0.0, 0.0, 0.0, 0.0, 905.895, 1190.32, 1157.52, 0.0, 1057.57, 1016.0, 1086.04, 1219.55, 0.0, 0.0, 0.0, 1040.3, 804.79, 1402.73, 1195.14, 0.0, 1189.19, 0.0, 831.975, 0.0, 0.0, 0.0], [0.0, 0.0, 0.0, 1368.42, 0.0, 799.765, 0.0, 0.0, 0.0, 1475.82, 0.0, 1273.18, 928.942, 0.0, 0.0, 0.0, 0.0, 0.0, 1220.79, 0.0, 1347.22, 0.0, 0.0, 0.0, 1267.88, 951.286, 1140.07, 1017.89, 0.0, 0.0, 860.378, 0.0, 558.92, 1020.85, 0.0, 0.0, 921.126, 0.0, 0.0, 988.146, 818.35, 913.319, 0.0, 1570.13, 778.923, 1569.38, 1134.1, 1132.88, 0.0, 0.0], [1524.7, 1059.56, 720.521, 1154.63, 835.463, 0.0, 897.55, 0.0, 997.795, 0.0, 976.652, 0.0, 0.0, 0.0, 0.0, 0.0, 968.319, 1133.87, 877.758, 1053.35, 867.149, 319.469, 828.129, 0.0, 1014.95, 981.255, 0.0, 1196.21, 0.0, 960.439, 0.0, 876.534, 1065.55, 0.0, 0.0, 1030.79, 696.636, 1040.3, 988.146, 0.0, 652.963, 0.0, 1121.22, 0.0, 1403.83, 0.0, 826.241, 0.0, 0.0, 0.0], [0.0, 724.018, 0.0, 998.866, 0.0, 582.059, 1239.65, 1224.86, 972.219, 0.0, 0.0, 711.858, 1067.17, 0.0, 903.115, 1072.73, 893.371, 0.0, 663.814, 954.611, 715.537, 698.743, 0.0, 583.62, 0.0, 0.0, 719.973, 785.399, 0.0, 0.0, 912.801, 0.0, 0.0, 0.0, 0.0, 0.0, 758.502, 804.79, 818.35, 652.963, 0.0, 815.841, 1034.21, 0.0, 1080.57, 0.0, 0.0, 924.069, 0.0, 0.0], [0.0, 871.447, 658.965, 1189.47, 1427.03, 891.667, 0.0, 1157.26, 732.567, 0.0, 0.0, 988.74, 1150.9, 0.0, 0.0, 0.0, 915.956, 857.252, 0.0, 0.0, 0.0, 1047.67, 0.0, 0.0, 1053.6, 870.483, 0.0, 0.0, 1038.46, 1101.92, 894.426, 1115.97, 0.0, 0.0, 1143.62, 782.45, 764.39, 1402.73, 913.319, 0.0, 815.841, 0.0, 950.551, 1248.51, 1139.03, 1262.85, 897.133, 1157.02, 927.83, 1286.68], [0.0, 0.0, 0.0, 852.192, 0.0, 1126.22, 0.0, 1123.58, 0.0, 1081.11, 0.0, 0.0, 988.103, 0.0, 0.0, 997.382, 535.764, 0.0, 0.0, 718.163, 0.0, 1034.91, 942.137, 0.0, 0.0, 1380.03, 967.04, 0.0, 0.0, 0.0, 0.0, 0.0, 0.0, 1088.77, 651.039, 876.642, 0.0, 1195.14, 0.0, 1121.22, 1034.21, 950.551, 0.0, 0.0, 955.22, 0.0, 802.645, 0.0, 0.0, 0.0], [1639.54, 826.058, 0.0, 771.188, 0.0, 1437.16, 0.0, 0.0, 0.0, 0.0, 1195.66, 1020.72, 1642.91, 1198.54, 0.0, 1611.13, 1189.97, 0.0, 1013.14, 1351.02, 1106.71, 1321.32, 1492.23, 0.0, 1309.37, 0.0, 1438.1, 0.0, 1457.87, 0.0, 1628.68, 0.0, 0.0, 1284.14, 0.0, 996.151, 0.0, 0.0, 1570.13, 0.0, 0.0, 1248.51, 0.0, 0.0, 1285.68, 1204.82, 0.0, 1475.8, 0.0, 0.0], [0.0, 590.927, 1311.01, 0.0, 1253.37, 1180.54, 0.0, 1317.34, 995.641, 0.0, 1333.38, 0.0, 0.0, 0.0, 1179.45, 1425.55, 790.706, 0.0, 1334.38, 578.655, 0.0, 1294.46, 1319.23, 0.0, 0.0, 0.0, 0.0, 0.0, 1531.36, 1081.42, 1033.92, 894.219, 0.0, 0.0, 0.0, 1309.09, 0.0, 1189.19, 778.923, 1403.83, 1080.57, 1139.03, 955.22, 1285.68, 0.0, 1296.38, 0.0, 0.0, 0.0, 1464.37], [1511.15, 0.0, 1083.62, 0.0, 0.0, 1236.84, 1094.86, 0.0, 0.0, 0.0, 804.422, 0.0, 0.0, 0.0, 1173.74, 0.0, 0.0, 0.0, 965.089, 0.0, 0.0, 0.0, 1114.8, 1317.58, 1299.74, 0.0, 0.0, 997.686, 1415.74, 0.0, 0.0, 1110.55, 0.0, 941.4, 0.0, 0.0, 0.0, 0.0, 1569.38, 0.0, 0.0, 1262.85, 0.0, 1204.82, 1296.38, 0.0, 711.061, 0.0, 1514.62, 0.0], [1280.08, 634.981, 644.947, 421.711, 648.614, 0.0, 0.0, 0.0, 0.0, 0.0, 609.132, 766.805, 1112.08, 884.661, 933.534, 1181.93, 751.976, 881.695, 503.344, 819.223, 713.924, 608.032, 0.0, 769.577, 819.254, 842.565, 781.041, 0.0, 0.0, 0.0, 0.0, 595.35, 805.845, 0.0, 648.688, 0.0, 693.434, 831.975, 1134.1, 826.241, 0.0, 897.133, 802.645, 0.0, 0.0, 711.061, 0.0, 854.81, 1071.6, 0.0], [0.0, 0.0, 0.0, 995.729, 0.0, 0.0, 1063.05, 794.082, 0.0, 0.0, 0.0, 0.0, 0.0, 784.798, 0.0, 1026.66, 0.0, 750.346, 982.039, 979.398, 1013.35, 1082.32, 0.0, 454.26, 0.0, 1202.7, 0.0, 740.514, 953.702, 0.0, 628.621, 606.115, 0.0, 0.0, 0.0, 1102.74, 1306.9, 0.0, 1132.88, 0.0, 924.069, 1157.02, 0.0, 1475.8, 0.0, 0.0, 854.81, 0.0, 0.0, 901.749], [0.0, 0.0, 1042.03, 0.0, 1325.11, 0.0, 0.0, 0.0, 888.286, 0.0, 1263.32, 0.0, 0.0, 533.71, 0.0, 0.0, 942.386, 964.768, 1112.65, 0.0, 0.0, 0.0, 0.0, 658.92, 887.346, 0.0, 877.545, 0.0, 0.0, 905.771, 0.0, 0.0, 0.0, 0.0, 1139.45, 1272.69, 1185.44, 0.0, 0.0, 0.0, 0.0, 927.83, 0.0, 0.0, 0.0, 1514.62, 1071.6, 0.0, 0.0, 0.0], [1362.36, 1225.25, 879.131, 0.0, 0.0, 562.518, 0.0, 0.0, 0.0, 978.62, 0.0, 0.0, 0.0, 1080.25, 0.0, 1342.68, 0.0, 0.0, 0.0, 1258.75, 0.0, 721.107, 0.0, 0.0, 0.0, 989.817, 788.574, 1084.93, 0.0, 0.0, 0.0, 754.529, 0.0, 819.028, 1341.55, 1258.03, 1085.19, 0.0, 0.0, 0.0, 0.0, 1286.68, 0.0, 0.0, 1464.37, 0.0, 0.0, 901.749, 0.0, 0.0]]\n",
      "[31, 10, 24, 44, 21, 38, 15, 19, 25, 2, 36, 30, 27, 16, 18, 40, 34, 11, 45, 22, 23, 0, 33, 43, 14]\n",
      "{0: '1', 1: '2', 2: '3', 3: '4', 4: '5', 5: '6', 6: '7', 7: '8', 8: '9', 9: '10', 10: '11', 11: '12', 12: '13', 13: '14', 14: '15', 15: '16', 16: '17', 17: '18', 18: '19', 19: '20', 20: '21', 21: '22', 22: '23', 23: '24', 24: '25', 25: '26', 26: '27', 27: '28', 28: '29', 29: '30', 30: '31', 31: '32', 32: '33', 33: '34', 34: '35', 35: '36', 36: '37', 37: '38', 38: '39', 39: '40', 40: '41', 41: '42', 42: '43', 43: '44', 44: '45', 45: '46', 46: '47', 47: '48', 48: '49', 49: '50'}\n"
     ]
    }
   ],
   "source": [
    "\n",
    "sizes = [50, 100, 200]\n",
    "indexToName = {i : \"Building{}\".format(i) for i in range(200)}\n",
    "\n",
    "for size in sizes:\n",
    "    G = nx.readwrite.gpickle.read_gpickle('./inputGraphs/' + str(size) + '/tempG.pkl')\n",
    "    with open('./inputgraphs/' + str(size) + '/homes.pkl', 'rb') as f: homes = pickle.load(f)\n",
    "\n",
    "    write_input_file(G, homes, str(size) + \".in\")\n",
    "\n",
    "    with open('./inputgraphs/' + str(size) + '/where.pkl', 'rb') as f: dropOffs = pickle.load(f)\n",
    "    with open('./inputgraphs/' + str(size) + '/final_path.pkl', 'rb') as f: path = pickle.load(f)\n",
    "    \n",
    "    write_output_file(path, dropOffs, indexToName, str(size) + \".out\")\n",
    "\n",
    "\n",
    "G, source, homes, locToIndex = graph_from_input(\"./inputs/1_50.in\")\n",
    "print(np.ndarray.tolist(nx.to_numpy_matrix(G)))\n",
    "print(homes)\n",
    "print(locToIndex)\n"
   ]
  },
  {
   "cell_type": "code",
   "execution_count": null,
   "metadata": {},
   "outputs": [],
   "source": []
  },
  {
   "cell_type": "code",
   "execution_count": null,
   "metadata": {},
   "outputs": [],
   "source": []
  }
 ],
 "metadata": {
  "kernelspec": {
   "display_name": "Python 3",
   "language": "python",
   "name": "python3"
  },
  "language_info": {
   "codemirror_mode": {
    "name": "ipython",
    "version": 3
   },
   "file_extension": ".py",
   "mimetype": "text/x-python",
   "name": "python",
   "nbconvert_exporter": "python",
   "pygments_lexer": "ipython3",
   "version": "3.6.5"
  }
 },
 "nbformat": 4,
 "nbformat_minor": 2
}
